image: map.pgm
resolution: 0.050000
rolling_window: true
width: 15.0
height: 15.0
origin: [-25.624998, -25.624998, 0.000000]
negate: 0
occupied_thresh: 0.65
free_thresh: 0.196
rolling_window: true
